100
100010
100010010
100010020
100010030
100010040
100010050
100010060
100010070
100010080
100020
100020010
100020020
100020030
100030
100030010
100030020
100030030
100030040
100030050
100030060
100040
100040010
100040020
100040030
100040040
100040050
110
110010
110020
110030
110040
110050
110060
110070
110080
110090
110100
120
120010
120010010
120010020
120010030
120020
120020010
120020020
120030
120030010
120030020
120040
120040010
120040020
120040030
120040040
120040050
120050
120050010
120050020
120050030
120050040
120060
120060010
120060020
120070
120070010
120070020
120070030
120080
120080010
120080020
120080030
120080040
120080050
130
130010
130010010
130010020
130010030
130020
130020010
130020020
130020030
130020040
130030
130030010
130030020
130030030
130030040
130040
130040010
130040020
130040030
130050
130050010
130050020
130050020010
130050020020
130050020030
130050020040
130050020050
130050020060
130050030
130050030010
130050030020
130050030030
130050030040
130050040
130050050
140
140010
140020
140030
140040
140050
150
150010
150020
150030
150040
150050
150060
150070
150080
150090
150100
150110
150120
150130
150140
150150
150160
150170
160
160010
160010010
160010020
160010030
160010040
160010050
160010060
160020
160020010
160020020
160020030
160020040
160020040010
160020040020
160020040030
160020040040
160020040050
160020040060
160020040070
160030
160030010
160030020
160030030
160030040
160030050
160040
160040010
160040020
160040030
160050
160050010
160050020
170
170010
170020
170030
170040
170050
180
180010
180010010
180010020
180010030
180020
180020010
180020020
180020030
180030
180030010
180030020
180030030
180040
180040010
180040020
180040030
180040040
180040050
180040060
180050
180050010
180050020
180050030
180050040
180060
180060010
180060020
180060030
180060040
180060050
180060060
180070
180070010
180070020
180070030
190
190010
190010010
190010020
190010030
190010030010
190010030020
190010030030
190010030040
190010030050
190010030060
190010040
190020
190020010
190020020
190030
190030010
190030020
190040
190040010
190040020
190050
190050010
190050020
190050030
190050040
190050050
200
200010
200020
200030
200040
200050
210
210010
210010010
210010020
210010030
210010040
210020
210020010
210020020
210020030
210020040
210020050
210030
210030010
210030020
210030030
210030040
210040
210040010
210040020
210040030
210050
210050010
210050020
210050030
210060
210060010
210060020
210060030
210070
210070010
210070020
210070030
210070040
210070050
210070060
210080
210080010
210080020
210080030
210080040
220
220010
220010010
220010010010
220010010020
220010010030
220010010040
220010010050
220010010060
220010010070
220010010080
220010020
220010020010
220010020020
220010020030
220010020040
220010020050
220010020060
220010020070
220010020080
220010030
220010030010
220010030020
220010030030
220010030040
220010030050
220010030060
220010030070
220010040
220010040010
220010040020
220010040030
220010040040
220010040050
220010050
220020
220020010
220020010010
220020010020
220020010030
220020010040
220020010050
220020010060
220020010070
220020020
220020020010
220020020020
220020020030
220020020040
220020020050
220020020060
220020020070
220020020080
220020030
220020030010
220020030020
220020030030
220020030040
220020030050
220020030060
220020030070
220020040
220020040010
220020040020
220020040030
220020040040
220020040050
220020040060
220020040070
220020040080
220020050
220020050010
220020050020
220020050030
220020050040
220020050050
220020050060
220020050070
220020060
220020060010
220020060020
220020060030
220020060040
220020060050
220020060060
220020060070
220020070
220020070010
220020070020
220020070030
220020070040
220020080
220020090
220020100
220030
220030010
220030010010
220030010020
220030010030
220030020
220030020010
220030020020
220030020030
220030030
220030030010
220030030020
220030030030
220030030040
220030030050
220030030060
220030040
220030040010
220030040020
220030040030
220030040040
220030040050
220030040060
220030050
220030050010
220030050020
220030050030
220030050040
220030050050
220030050060
220030060
220030060010
220030060020
220030060030
220030060040
220030060050
220030060060
220030060070
220030070
220030080
220030090
220040
220040010
220040020
220040030
220050
220050010
220050020
220050030
230
230010
230010010
230010020
230010030
230010040
230020
230020010
230020010010
230020010020
230020010030
230020010040
230020020
230020030
230020040
230020050
230020060
230020060010
230020060020
230020060030
230020060040
230020060050
230020060060
230020060070
230020070
230030
230030010
230030010010
230030010020
230030010030
230030010040
230030020
230030030
230030040
230040
230040010
230040010010
230040010020
230040010030
230040010040
230040020
230040030
230040040
230050
230050010
230050020
230050030
230050040
230050050
240
240010
240020
240030
240040
240050
240060
240070
250
250010
250020
250030
250040
250050
250060
250070
250080
250090
250100
250110
250120
260
260010
260010010
260010020
260010030
260010040
260010050
260010060
260010070
260020
260020010
260020020
260020030
260020040
260020050
260020060
260020070
260020080
260020090
260020100
260020110
260030
260030010
260030020
260030040
260030060
260030070
260030080
260040
260040010
260040020
260040030
260040040
260040050
260040060
260040070
260040080
260040090
260040100
260040110
260050
260050010
260050020
260050030
260050040
270
270010
270010010
270010020
270010030
270010040
270010050
270010060
270010070
270020
270020010
270020020
270020030
270020040
270020050
270020060
270020070
270030
270030010
270030020
270030030
270030040
270030050
270040
270040010
270040020
270040030
280
280010
280010010
280010020
280010030
280020
280020010
280020020
280020030
280020040
280030
280030010
280030020
280030030
280030040
280040
280040010
280040020
280040030
280040040
280050
280050010
280050020
280050030
280050040
290
290010
290010010
290010020
290010030
290010040
290020
290020010
290020020
290020030
290020040
290030
290030010
290030020
290030030
290040
290040010
290040020
290040030
290040040
290040050
290050
290050010
290050020
290050030
290050040
290060
290060010
290060020
290060030
290060040
290070
290070010
290070020
290070030
290070040
290070050
290080
290080010
290080020